pos/1.png 2 88 94 141 133 395 97 143 127
pos/IMG_1455.jpg 1 869 1981 144 151
pos/IMG_1456.jpg 1 1700 2019 165 189
pos/IMG_1457.jpg 1 786 988 241 227
pos/IMG_1458.jpg 1 886 1960 151 172
pos/IMG_1459.jpg 1 1090 1974 203 200
pos/IMG_1460.jpg 1 1714 1477 196 193
pos/LINE_ALBUM_2026625_260625_1.jpg 1 485 810 51 44
pos/LINE_ALBUM_2026625_260625_10.jpg 1 509 833 110 98
pos/LINE_ALBUM_2026625_260625_103.jpg 1 369 410 91 93
pos/LINE_ALBUM_2026625_260625_104.jpg 1 464 604 67 63
pos/LINE_ALBUM_2026625_260625_105.jpg 1 583 579 105 91
pos/LINE_ALBUM_2026625_260625_106.jpg 1 447 810 179 167
pos/LINE_ALBUM_2026625_260625_107.jpg 1 959 1333 72 60
pos/LINE_ALBUM_2026625_260625_108.jpg 1 122 104 12 19
pos/LINE_ALBUM_2026625_260625_109.jpg 1 431 704 101 79
pos/LINE_ALBUM_2026625_260625_11.jpg 1 326 829 75 81
pos/LINE_ALBUM_2026625_260625_110.jpg 1 260 576 43 41
pos/LINE_ALBUM_2026625_260625_112.jpg 1 454 847 65 62
pos/LINE_ALBUM_2026625_260625_113.jpg 1 336 524 53 56
pos/LINE_ALBUM_2026625_260625_114.jpg 1 279 1085 72 70
pos/LINE_ALBUM_2026625_260625_115.jpg 1 357 900 67 56
pos/LINE_ALBUM_2026625_260625_116.jpg 1 388 1067 67 62
pos/LINE_ALBUM_2026625_260625_117.jpg 1 94 179 21 17
pos/LINE_ALBUM_2026625_260625_137.jpg 1 390 750 51 72
pos/LINE_ALBUM_2026625_260625_138.jpg 1 414 460 112 89
pos/LINE_ALBUM_2026625_260625_139.jpg 1 248 497 87 70
pos/LINE_ALBUM_2026625_260625_146.jpg 1 583 491 86 79
pos/LINE_ALBUM_2026625_260625_147.jpg 1 307 540 87 89
pos/LINE_ALBUM_2026625_260625_148.jpg 1 333 600 46 39
pos/LINE_ALBUM_2026625_260625_153.jpg 1 688 860 24 18
pos/LINE_ALBUM_2026625_260625_154.jpg 1 400 735 36 31
pos/LINE_ALBUM_2026625_260625_159.jpg 1 16 445 53 50
pos/LINE_ALBUM_2026625_260625_160.jpg 1 528 407 84 67
pos/LINE_ALBUM_2026625_260625_161.jpg 1 548 672 67 63
pos/LINE_ALBUM_2026625_260625_162.jpg 1 129 74 14 20
pos/LINE_ALBUM_2026625_260625_163.jpg 1 535 1088 58 58
pos/LINE_ALBUM_2026625_260625_164.jpg 2 316 378 51 56 404 314 50 46
pos/LINE_ALBUM_2026625_260625_165.jpg 2 407 457 65 50 360 541 63 56
pos/LINE_ALBUM_2026625_260625_172.jpg 1 540 579 93 82
pos/LINE_ALBUM_2026625_260625_173.jpg 1 507 724 53 48
pos/LINE_ALBUM_2026625_260625_174.jpg 1 466 683 39 39
pos/LINE_ALBUM_2026625_260625_175.jpg 1 154 1035 20 29
pos/LINE_ALBUM_2026625_260625_176.jpg 1 106 199 18 18
pos/LINE_ALBUM_2026625_260625_177.jpg 1 440 666 60 62
pos/LINE_ALBUM_2026625_260625_179.jpg 1 33 104 30 27
pos/LINE_ALBUM_2026625_260625_180.jpg 1 483 607 81 82
pos/LINE_ALBUM_2026625_260625_181.jpg 1 435 712 91 82
pos/LINE_ALBUM_2026625_260625_182.jpg 1 490 660 58 68
pos/LINE_ALBUM_2026625_260625_188.jpg 1 212 210 33 27
pos/LINE_ALBUM_2026625_260625_189.jpg 1 117 383 818 563
pos/LINE_ALBUM_2026625_260625_190.jpg 1 305 228 382 122
pos/LINE_ALBUM_2026625_260625_191.jpg 1 279 247 382 129
pos/LINE_ALBUM_2026625_260625_192.jpg 1 595 981 53 58
pos/LINE_ALBUM_2026625_260625_193.jpg 2 135 276 28 25 428 255 32 26
pos/LINE_ALBUM_2026625_260625_194.jpg 2 34 301 62 48 671 315 42 42
pos/LINE_ALBUM_2026625_260625_195.jpg 1 467 776 60 51
pos/LINE_ALBUM_2026625_260625_196.jpg 3 253 375 64 39 247 306 68 32 258 341 56 33
pos/LINE_ALBUM_2026625_260625_197.jpg 1 774 817 89 70
pos/LINE_ALBUM_2026625_260625_198.jpg 1 674 640 136 110
pos/LINE_ALBUM_2026625_260625_199.jpg 1 524 650 150 134
pos/LINE_ALBUM_2026625_260625_2.jpg 2 548 629 115 106 798 1335 67 58
pos/LINE_ALBUM_2026625_260625_200.jpg 5 735 788 50 58 316 790 37 53 888 1040 43 56 509 1054 55 53 121 1069 39 46
pos/LINE_ALBUM_2026625_260625_201.jpg 2 709 819 41 50 874 1135 50 68
pos/LINE_ALBUM_2026625_260625_202.jpg 8 179 809 43 39 454 838 46 44 657 866 44 39 829 885 39 41 836 1036 48 34 690 1031 36 43 500 1033 44 41 264 1026 44 48
pos/LINE_ALBUM_2026625_260625_203.jpg 1 802 835 93 98
pos/LINE_ALBUM_2026625_260625_21.jpg 1 214 1174 31 34
pos/LINE_ALBUM_2026625_260625_22.jpg 1 581 710 44 36
pos/LINE_ALBUM_2026625_260625_23.jpg 1 438 993 120 110
pos/LINE_ALBUM_2026625_260625_24.jpg 1 472 207 103 100
pos/LINE_ALBUM_2026625_260625_28.jpg 1 731 1186 29 25
pos/LINE_ALBUM_2026625_260625_29.jpg 1 643 1229 46 43
pos/LINE_ALBUM_2026625_260625_3.jpg 1 502 788 39 48
pos/LINE_ALBUM_2026625_260625_33.jpg 2 29 516 165 153 922 402 137 110
pos/LINE_ALBUM_2026625_260625_34.jpg 1 690 585 46 74
pos/LINE_ALBUM_2026625_260625_35.jpg 2 204 648 86 70 728 631 82 79
pos/LINE_ALBUM_2026625_260625_37.jpg 1 388 629 51 50
pos/LINE_ALBUM_2026625_260625_39.jpg 1 219 95 46 55
pos/LINE_ALBUM_2026625_260625_4.jpg 1 409 776 134 174
pos/LINE_ALBUM_2026625_260625_40.jpg 1 541 314 44 50
pos/LINE_ALBUM_2026625_260625_41.jpg 1 371 638 36 48
pos/LINE_ALBUM_2026625_260625_42.jpg 1 274 522 43 36
pos/LINE_ALBUM_2026625_260625_43.jpg 2 588 1126 20 25 912 1202 25 22
pos/LINE_ALBUM_2026625_260625_44.jpg 1 878 710 27 31
pos/LINE_ALBUM_2026625_260625_45.jpg 1 705 1272 34 36
pos/LINE_ALBUM_2026625_260625_46.jpg 1 98 281 9 13
pos/LINE_ALBUM_2026625_260625_51.jpg 1 199 633 20 20
pos/LINE_ALBUM_2026625_260625_61.jpg 1 426 612 60 48
pos/LINE_ALBUM_2026625_260625_62.jpg 1 505 341 74 65
pos/LINE_ALBUM_2026625_260625_8.jpg 1 502 862 46 56
pos/LINE_ALBUM_2026625_260625_81.jpg 2 524 172 86 118 567 1076 96 113
pos/LINE_ALBUM_2026625_260625_82.jpg 2 264 464 74 60 293 957 81 60
pos/LINE_ALBUM_2026625_260625_83.jpg 2 552 648 39 39 554 817 25 39
pos/LINE_ALBUM_2026625_260625_84.jpg 1 274 1043 81 87
pos/LINE_ALBUM_2026625_260625_85.jpg 1 83 498 134 175
pos/LINE_ALBUM_2026625_260625_86.jpg 1 535 991 151 124
pos/LINE_ALBUM_2026625_260625_87.jpg 1 378 628 103 89
pos/LINE_ALBUM_2026625_260625_88.jpg 1 143 695 277 232
pos/LINE_ALBUM_2026625_260625_89.jpg 1 400 702 374 170
pos/LINE_ALBUM_2026625_260625_9.jpg 1 386 869 51 58
pos/LINE_ALBUM_2026625_260625_90.jpg 1 493 738 82 81
pos/LINE_ALBUM_2026625_260625_91.jpg 1 397 681 179 187
pos/LINE_ALBUM_2026625_260625_92.jpg 1 569 529 148 112
pos/LINE_ALBUM_2026625_260625_93.jpg 1 288 545 91 70
pos/LINE_ALBUM_2026625_260625_94.jpg 1 464 633 31 36
pos/LINE_ALBUM_2026625_260625_95.jpg 1 298 564 43 31
pos/LINE_ALBUM_2026625_260625_96.jpg 1 59 58 9 12
